 2   0.10   0.251  -0.040  13.24   9.95  -2.40    1.85   0.80  -0.73  -1.40
 3   0.15   0.253  -0.042  13.98  11.21  -3.65    3.00   1.10  -0.52  -1.79
 4   0.20   0.274  -0.050  14.99  12.69  -4.77    1.34   0.43  -0.20  -1.71
 5   0.30   0.315  -0.061  17.40  14.39  -6.88   -0.45  -1.48   0.66   1.29
 6   0.40   0.362  -0.069  17.72  14.58  -7.43   -2.50  -3.01   2.31   2.90
 7   0.50   0.418  -0.075  18.28  13.64  -7.36   -4.74  -4.69   4.50   4.99
 8   0.60   0.473  -0.079  17.93  12.45  -6.83   -8.46  -5.89   5.83   6.06
 9   0.70   0.529  -0.079  16.41  10.77  -6.03  -11.32  -6.52   6.80   6.40
10   0.80   0.585  -0.078  14.81   9.36  -5.23  -12.53  -7.10   7.00   6.36
11   0.90   0.639  -0.076  11.81   7.27  -3.72  -11.37  -5.09   5.08   4.59
12   1.00   0.688  -0.073   9.00   5.49  -2.72   -8.20  -3.09   3.40   3.00
13   1.10   0.729  -0.074   6.24   4.06  -1.92   -4.68  -2.09   2.24   2.01
14   1.15   0.744  -0.072   5.44   3.58  -1.61   -3.47  -1.60   1.76   1.68
15   1.20   0.760  -0.070   4.64   3.10  -1.31   -2.27  -1.11   1.28   1.35
16   1.30   0.788  -0.071   3.33   2.28  -0.84   -0.53  -0.30   0.30   0.51
17   1.40   0.809  -0.068   2.94   1.99  -0.65   -0.48  -0.18   0.27   0.40
18   1.50   0.831  -0.068   2.47   1.65  -0.46   -0.29  -0.10   0.18   0.26
19   1.70   0.867  -0.068   1.90   1.21  -0.28   -0.26  -0.10   0.12   0.17
20   2.00   0.910  -0.065   1.20   0.76  -0.10   -0.18  -0.07   0.09   0.08
21   2.40   0.942  -0.059   0.57   0.45   0.11   -0.02   0.00   0.02   0.02
22   2.80   0.950  -0.055   0.44   0.35   0.14    0.02   0.02   0.01   0.01
23   3.20   0.953  -0.051   0.43   0.32   0.13    0.01   0.01   0.00   0.01
24   3.60   0.956  -0.048   0.41   0.31   0.12    0.02   0.01   0.01   0.01
25   4.00   0.958  -0.045   0.43   0.32   0.14    0.04   0.03   0.02   0.03
26   5.00   0.962  -0.039   0.43   0.31   0.13    0.03   0.02   0.02   0.02
27   6.00   0.965  -0.035   0.45   0.34   0.16    0.03   0.03   0.02   0.03
28   7.50   0.966  -0.028   0.46   0.38   0.15    0.00   0.01   0.00   0.01
