 2   0.10  -0.177   0.008   6.36   4.21  -0.51    0.70   0.50  -0.38  -0.37
 3   0.15  -0.180   0.008   6.75   4.18  -0.70    0.98   0.49  -0.61  -0.75
 4   0.20  -0.171   0.012   7.74   4.73  -1.20    1.75   0.72  -1.01  -1.06
 5   0.30  -0.141   0.016  10.17   6.31  -2.19    3.32   1.35  -1.43  -1.92
 6   0.40  -0.095   0.013  13.55   7.92  -3.48    4.62   1.99  -2.68  -2.29
 7   0.50  -0.012   0.002  19.85  10.50  -6.12    2.60   2.10  -2.51  -2.86
 8   0.60   0.093  -0.015  21.04  12.43  -7.42   -6.53  -0.66   0.52  -1.46
 9   0.70   0.226  -0.038  16.90  12.10  -6.94   -6.11  -1.73   1.95  -0.11
10   0.80   0.341  -0.049  15.96  11.95  -6.74   -1.49  -1.53   1.40   1.52
11   0.90   0.461  -0.056  16.26  10.77  -6.40   -1.22  -2.10   1.69   2.39
12   1.00   0.599  -0.056  14.74   8.36  -4.93   -5.83  -3.34   3.24   3.03
13   1.10   0.707  -0.052   9.18   5.32  -2.81   -4.70  -2.01   1.99   2.14
14   1.15   0.740  -0.053   7.12   4.09  -1.98   -2.74  -1.17   1.21   1.33
15   1.20   0.774  -0.054   5.06   2.87  -1.15   -0.79  -0.32   0.44   0.53
16   1.30   0.811  -0.054   3.99   2.29  -0.97   -0.32  -0.16   0.20   0.26
17   1.40   0.838  -0.053   3.49   1.95  -0.77   -0.37  -0.13   0.16   0.12
18   1.50   0.863  -0.055   3.10   1.73  -0.70   -0.29  -0.11   0.10   0.09
19   1.70   0.902  -0.055   2.47   1.40  -0.48   -0.27  -0.08   0.08   0.10
20   2.00   0.948  -0.054   1.80   0.97  -0.27   -0.27  -0.09   0.10   0.07
21   2.40   0.992  -0.049   0.88   0.53  -0.01   -0.11  -0.03   0.04   0.02
22   2.80   1.006  -0.044   0.50   0.34   0.09    0.02   0.00   0.00   0.00
23   3.20   1.001  -0.040   0.45   0.29   0.09    0.02   0.01   0.00   0.00
24   3.60   1.000  -0.036   0.39   0.26   0.05    0.02   0.01   0.00   0.00
25   4.00   0.999  -0.032   0.39   0.27   0.06    0.01   0.01   0.00   0.00
26   5.00   0.995  -0.028   0.41   0.28   0.07    0.01   0.00   0.00   0.00
27   6.00   0.990  -0.024   0.42   0.29   0.08    0.01   0.00   0.00   0.00
28   7.50   0.992  -0.019   0.40   0.28   0.08    0.01   0.01   0.00   0.00
29   8.20   0.914  -0.010   2.13   1.46   0.57   -0.47  -0.19  -0.14  -0.13
